Production
            2015   2016   2017  2018  2019  2020   2021  2022
Argentina  2,060  2,050  1,870  1,665 1,750 1,830 1,700 1,670
Ukraine    1,638  2,156  2,180  1,848 1,638 1,240 1,450 1,330
Peru       1,206  1,238  1,080  1,255 1,197 1,197 1,260 1,320
Japan      850    720    830    780   825   815   810   810

Consumption        2015   2016   2017   2018    2019   2020   2021   2022

India             26,800 25,500 26,500 27,500  28,900 33,760 36,880 32,000
European Union    18,700 18,750 18,600 18,600  17,000 16,700 17,000 17,000
China             15,800 15,600 15,700 15,800  15,400 15,500 14,800 15,500
United States     10,779 10,979 10,930 10,982  11,109 11,032 11,314 11,315 
Brazil            10,500 10,550 10,600 10,600  10,650 10,150  9,500  9,500
Indonesia          5,600  6,186  6,348  7,055   7,356  7,445  7,600  7,800
Pakistan           4,800  5,100  5,300  5,400   5,540  5,750  6,000  6,200  
Russia             5,867  5,942  6,113  6,115   6,820  5,804  6,350  5,828
Mexico             4,703  4,769  4,512  4,317   4,349  4,171  4,342  4,475
Egypt              2,930  2,950  3,050  3,100   3,250  3,340  3,430  3,320   
Turkey             2,248  2,739  2,728  2,800   2,999  2,914  3,020  3,340
Iran               2,391  2,619  2,449  2,359   2,176  2,821  2,701  2,649
Bangladesh         2,308  2,232  2,646  2,560   2,480  2,392  2,807  2,235
Thailand           2,670  2,680  2,580  2,550   2,360  2,350  3,000  3,100
Philippines        2,140  2,219  2,250  2,250   2,300  2,275  2,300  2,000
Japan              2,122  1,995  2,058  1,975   1,965  1,883  1,827  1,837
Malaysia           1,731  1,696  1,833  1,985   1,877  1,823  1,675  1,889
Colombia           1,846  1,900  1,763  1,855   1,862  1,850  1,865  1,880
South Africa       1,957  1,960  1,961  1,770   1,520  1,670  1,710  1,750
Nigeria            1,290  1,545  1,610  1,610   1,620  1,610  1,600  1,620
Vietnam            1,776  1,822  1,765  1,541   2,064  2,059  2,149  2,424
Algeria            1,429  1,549  1,719  1,576   2,124  1,937  1,888  1,901

Exports             2015   2016   2017   2018    2019   2020   2021   2022

Brazil             24,350 28,500 28,200 19,600  19,280 32,150 25,950 28,200
Thailand            7,055  7,016 10,907  9,300   6,695  3,739  7,012  9,500
India               3,800  2,125  2,236  4,700   5,800  8,406 11,927  7,433
Australia           3,700  4,000  3,600  3,800   3,600  3,400  3,120  3,250
Guatemala           2,029  1,978  1,881  1,999   1,858  1,395  1,651  1,657
Mexico              1,280  1,287  1,146  2,337   1,285  1,235  1,777  1,072
European Union      1,548  1,509  3,920  1,800   1,459  1,278  1,217    905
South Africa          305    218    768  1,041   1,451  1,007    548    722
Eswatini              665    587    519    680     778    634    524    545
Morocco               303    484    380    450     664    681    782    710
El Salvador           371    473    449    451     508    529    546    524
United Arab Emirates  208    304    458    430     187    792    909    940
Belarus               377    456    393    400     442    214    202    215
Nicaragua             398    454    388    421     497    508    526    470
Mauritius             463    474    390    347     396    369    320    240
Korea, South          339    343    325    315     313    320    280    270
Egypt                 200    300    200    200     300    300    300    300
Nigeria               200    300    300    300     300    300    350    350
Ukraine               180    813    602    441     125     61     70    710
 
Imports              2015    2016    2017     2018    2019   2020   2021   2022
Indonesia            3,724   4,781   4,298   5,362    4,758  6,124  5,466  5,800  
China                6,116   4,600   4,350   4,100    3,808  6,379  5,000  3,800 
United States        3,031   2,943   2,972   2,816    3,778  2,922  3,308  3,152
Bangladesh           2,283   2,097   2,654   2,455    2,397  2,320  2,859  2,090
Algeria              1,834   2,061   2,349   2,217    2,468  2,258  2,245  1,985 
Malaysia             2,009   1,893   2,002   2,125    1,966  2,142  1,961  2,127
European Union       3,055   2,942   1,341   1,900    2,235  1,792  1,998  3,000
Nigeria              1,470   1,820   1,870   1,870    1,890  1,880  1,930  1,950
Korea, South         1,900   1,757   1,864   1,996    1,926  1,934  1,983  1,819
Saudi Arabia         1,595   1,624   1,486   1,528    1,420  1,488  1,517  1,860
India                1,902   2,701   2,071   1,300      900  1,245    340    800
United Arab Emirates 1,830   1,893   2,804   1,573      751  1,785  1,563  1,750
Canada               1,229   1,139   1,243   1,285    1,245  1,389  1,319  1,380
Japan                1,275   1,232   1,240   1,187    1,142  1,051  1,004  1,034
Iraq                   768   1,001   1,340   1,154    1,196  1,109  1,278  1,360
Morocco              1,019   1,163   1,128   1,058    1,328  1,407  1,531  1,603 
Iran                   822     962     237     851    1,111  1,421  1,081  1,074
Egypt                  880     830     990     860      830    830    830    830
Sudan                  840     566     827     805    1,528  1,536  1,127  1,597
Taiwan                 636     595   1,015     897      636    595  1,015    897
Somalia                700     609     562     570      877    821    880    929